	0	1	2	3	4	5	6
TC	TC1	TC2	TC3	TC4	TC5	TC6	TC7
COUNT	400	1977	12624	12624	307	3000	12767
MEAN	242.32	250.7840161861406	249.77621989860583	149.00267347908746	241.49511400651465	1.8790659927977473e+20	2.474673954997149e+20
MEDIAN	239.5	247.0	249.0	147.75	241.0	1.88008049965543e+20	2.4664097307429e+20
MODE	393.0	230.0	94.0	123.75	393.0		
SD	145.25810683056557	144.17131868884059	145.31784980917962	130.41441961308894	145.46484786056646	1.0738205017381e+20	1.4460564700984703e+20
VARIANCE	21152.79959899749	20795.88804398353	21118.950393821862	17009.26821851143	21229.17236166996	1.1534749616069338e+40	2.091243115380632e+40

Time elapsed: 5.634786128997803 seconds
